dict_keys(['부당거래 대호', '부당거래 철기', '부당거래 장석구', '부당거래 김 회장', '부당거래 주양'])
[[135, 16.913131313131313, 70.71319225574065, 0.79], [6, 20.136363636363637, 47.12463768115942, 0.98], [73, 19.275395033860047, 60.38682948102922, 1.01], [3, 24.666666666666668, 57.214285714285715, 1.05], [5, 20.40625, 33.66860465116279, 0.66], [9, 25.098591549295776, 54.87659574468085, 1.44], [3, 23.4, 60.30088495575221, 1.09], [42, 16.302788844621514, 46.59142857142857, 0.58], [6, 24.729166666666668, 35.53333333333333, 0.96], [10, 18.870588235294118, 56.53504672897196, 0.62], [9, 20.551724137931036, 45.121428571428574, 0.9], [9, 21.692307692307693, 56.99346405228758, 0.71], [1, 21.227272727272727, 24.41322314049587, 0.73], [6, 19.857142857142858, 41.47126436781609, 0.66], [15, 19.786666666666665, 62.16945107398568, 0.64], [5, 20.4, 20.97222222222222, 0.65], [8, 68.76241134751773, 29.17052586020342, 2.37], [1, 36.666666666666664, 46.89642857142857, 1.47], [3, 41.81818181818182, 71.0653409090909, 1.52], [0, 34.90909090909091, 49.61827956989247, 1.23], [7, 41.17857142857143, 46.944636678200695, 1.36], [17, 30.752380952380953, 52.035377358490564, 1.16], [11, 53.372093023255815, 39.32465277777778, 1.74], [10, 49.24, 49.022012578616355, 1.92], [29, 60.11607142857143, 54.05275637225845, 2.2], [0, 18.766666666666666, 234.5828313253012, 0.77], [0, 14.14, 372.4752475247525, 0.54], [0, 30.34285714285714, 234.15331010452962, 0.97], [0, 19.62264150943396, 257.41590214067276, 0.7], [0, 12.19047619047619, 392.61038961038963, 0.57], [0, 45.04545454545455, 123.79268292682927, 0.82], [22, 20.8, 427.7965194109772, 0.68], [13, 45.56, 245.10283251231527, 1.39], [17, 34.26829268292683, 247.793327908869, 1.07], [2, 43.0, 232.5189393939394, 1.87], [3, 59.48275862068966, 157.06113537117903, 2.14], [5, 22.952380952380953, 380.8082191780822, 0.81], [0, 36.05, 308.46666666666664, 1.35], [9, 18.61111111111111, 50.93827160493827, 0.59], [0, 14.095238095238095, 29.93167701863354, 0.48], [2, 17.70731707317073, 33.25925925925926, 0.73], [1, 15.67142857142857, 30.446308724832214, 0.69], [5, 16.866666666666667, 59.6044776119403, 0.67], [1, 18.85, 62.35514018691589, 0.5], [3, 14.88888888888889, 30.5, 0.56], [0, 15.949367088607595, 46.0733137829912, 0.54], [2, 16.71212121212121, 58.37581699346405, 0.82], [1, 18.896551724137932, 40.78, 0.76], [0, 26.5, 40.038216560509554, 1.09], [47, 15.962962962962964, 118.96171171171171, 0.66], [0, 24.666666666666668, 106.98657718120805, 0.81], [3, 18.372340425531913, 136.55218216318787, 0.57], [0, 20.08695652173913, 209.4, 0.39], [13, 19.448275862068964, 148.28018575851394, 0.58], [3, 21.195121951219512, 134.49603174603175, 0.56], [1, 14.4375, 209.50714285714287, 0.59], [10, 20.80246913580247, 105.85867237687366, 0.68], [2, 20.615384615384617, 174.04237288135593, 0.69], [2, 18.846153846153847, 125.74436090225564, 0.58], [4, 23.6, 159.46153846153845, 0.92], [4, 24.423076923076923, 132.51190476190476, 0.77], [3, 19.147058823529413, 115.00552486187846, 0.82], [25, 23.144144144144143, 215.44909344490935, 0.94], [28, 15.477272727272727, 67.25842696629213, 0.74], [7, 26.91358024691358, 194.3827160493827, 0.7], [22, 20.026315789473685, 268.40865384615387, 1.0], [0, 30.6, 331.8956043956044, 1.1], [5, 21.132530120481928, 48.42450765864333, 0.86], [8, 15.513586956521738, 39.02225219150371, 0.51], [10, 22.827067669172934, 48.02408111533587, 0.9], [2, 15.578947368421053, 55.48407643312102, 0.63], [2, 28.319327731092436, 48.27272727272727, 1.08], [1, 25.464285714285715, 72.98714652956298, 0.79], [1, 17.51851851851852, 39.75, 0.56], [2, 12.447368421052632, 40.95, 0.5], [0, 16.62962962962963, 37.491379310344826, 0.74], [2, 34.69565217391305, 34.58646616541353, 1.28], [2, 31.0, 35.60943396226415, 1.03], [68, 21.666666666666668, 56.03864168618267, 1.08], [116, 17.012738853503183, 68.62166064981949, 0.84], [113, 17.337539432176655, 65.6129905277402, 0.78], [86, 23.063583815028903, 60.38565891472868, 0.98], [33, 25.633802816901408, 52.229957805907176, 1.06], [16, 12.958333333333334, 48.461988304093566, 0.69]]
[[ 1.         -0.83303894 -0.75546706 -0.5959596 ]
 [-0.91111111 -0.7190873  -0.8714314  -0.4040404 ]
 [ 0.08148148 -0.74952531 -0.80623278 -0.37373737]
 [-0.95555556 -0.55892651 -0.82182941 -0.33333333]
 [-0.92592593 -0.70954595 -0.93758297 -0.72727273]
 [-0.86666667 -0.54365657 -0.83332179  0.06060606]
 [-0.95555556 -0.60370725 -0.80665529 -0.29292929]
 [-0.37777778 -0.85461651 -0.87405272 -0.80808081]
 [-0.91111111 -0.55671693 -0.92841573 -0.42424242]
 [-0.85185185 -0.76383654 -0.82516863 -0.76767677]
 [-0.86666667 -0.70440297 -0.88127943 -0.48484848]
 [-0.86666667 -0.66407967 -0.82291499 -0.67676768]
 [-0.98518519 -0.68052016 -0.9830836  -0.65656566]
 [-0.91111111 -0.72895866 -0.8992241  -0.72727273]
 [-0.77777778 -0.73145022 -0.79746918 -0.74747475]
 [-0.92592593 -0.70976691 -1.         -0.73737374]
 [-0.88148148  1.         -0.9596961   1.        ]
 [-0.98518519 -0.13468788 -0.8725533   0.09090909]
 [-0.95555556  0.04743476 -0.75373586  0.14141414]
 [-1.         -0.19682384 -0.85917234 -0.15151515]
 [-0.8962963   0.02482247 -0.87231631 -0.02020202]
 [-0.74814815 -0.34377692 -0.84728958 -0.22222222]
 [-0.83703704  0.45590271 -0.90977712  0.36363636]
 [-0.85185185  0.30981992 -0.86210366  0.54545455]
 [-0.57037037  0.69432405 -0.83737189  0.82828283]
 [-1.         -0.7675105   0.05013693 -0.61616162]
 [-1.         -0.93107806  0.72803359 -0.84848485]
 [-1.         -0.3582549   0.04802535 -0.41414141]
 [-1.         -0.73724903  0.16238721 -0.68686869]
 [-1.         -1.          0.82702051 -0.81818182]
 [-1.          0.16152924 -0.49452153 -0.56565657]
 [-0.67407407 -0.69562562  1.         -0.70707071]
 [-0.80740741  0.17972008  0.10185459  0.01010101]
 [-0.74814815 -0.21947812  0.11508141 -0.31313131]
 [-0.97037037  0.08921584  0.03999057  0.49494949]
 [-0.95555556  0.67193441 -0.33096959  0.76767677]
 [-0.92592593 -0.61953203  0.76899954 -0.57575758]
 [-1.         -0.15648903  0.41335926 -0.03030303]
 [-0.86666667 -0.77300989 -0.85268309 -0.7979798 ]
 [-1.         -0.93266054 -0.95595418 -0.90909091]
 [-0.97037037 -0.80496192 -0.93959536 -0.65656566]
 [-0.98518519 -0.87693713 -0.95342419 -0.6969697 ]
 [-0.92592593 -0.83468162 -0.81007892 -0.71717172]
 [-0.98518519 -0.7645644  -0.79655631 -0.88888889]
 [-0.95555556 -0.90460243 -0.95316023 -0.82828283]
 [-1.         -0.86711111 -0.87659984 -0.84848485]
 [-0.97037037 -0.84014529 -0.81611917 -0.56565657]
 [-0.98518519 -0.76291864 -0.90262244 -0.62626263]
 [-1.         -0.49411227 -0.90626915 -0.29292929]
 [-0.3037037  -0.86663045 -0.5182712  -0.72727273]
 [-1.         -0.55892651 -0.57714249 -0.57575758]
 [-0.95555556 -0.7814512  -0.43179421 -0.81818182]
 [-1.         -0.720834   -0.07366507 -1.        ]
 [-0.80740741 -0.74341342 -0.37413786 -0.80808081]
 [-0.95555556 -0.68165679 -0.44190251 -0.82828283]
 [-0.98518519 -0.92056048 -0.07313835 -0.7979798 ]
 [-0.85185185 -0.69553833 -0.58268741 -0.70707071]
 [-0.97037037 -0.70215237 -0.24748767 -0.6969697 ]
 [-0.97037037 -0.76470037 -0.48492684 -0.80808081]
 [-0.94074074 -0.59663661 -0.3191689  -0.46464646]
 [-0.94074074 -0.56753819 -0.45165673 -0.61616162]
 [-0.95555556 -0.75406241 -0.53772032 -0.56565657]
 [-0.62962963 -0.61275258 -0.04392696 -0.44444444]
 [-0.58518519 -0.88380116 -0.77245113 -0.64646465]
 [-0.8962963  -0.47949088 -0.14749195 -0.68686869]
 [-0.67407407 -0.72297785  0.21642898 -0.38383838]
 [-1.         -0.34916408  0.5285389  -0.28282828]
 [-0.92592593 -0.68386961 -0.86504107 -0.52525253]
 [-0.88148148 -0.88251734 -0.91126376 -0.87878788]
 [-0.85185185 -0.62396225 -0.86700962 -0.48484848]
 [-0.97037037 -0.88020664 -0.83033533 -0.75757576]
 [-0.97037037 -0.42979318 -0.86578724 -0.3030303 ]
 [-0.98518519 -0.53072811 -0.74428801 -0.5959596 ]
 [-0.98518519 -0.81163655 -0.90768606 -0.82828283]
 [-0.97037037 -0.99091803 -0.9017867  -0.88888889]
 [-1.         -0.84306164 -0.91878972 -0.64646465]
 [-0.97037037 -0.20436959 -0.93307064 -0.1010101 ]
 [-0.97037037 -0.33502279 -0.9280416  -0.35353535]
 [ 0.00740741 -0.66498616 -0.82760902 -0.3030303 ]
 [ 0.71851852 -0.82951749 -0.7657493  -0.54545455]
 [ 0.67407407 -0.81803475 -0.7805403  -0.60606061]
 [ 0.27407407 -0.61560065 -0.80623853 -0.4040404 ]
 [-0.51111111 -0.52473513 -0.846333   -0.32323232]
 [-0.76296296 -0.97285378 -0.86485681 -0.6969697 ]]
updated centroids: 
 [[0.5488135  0.71518937 0.60276338 0.54488318]
 [0.4236548  0.64589411 0.43758721 0.891773  ]
 [0.96366276 0.38344152 0.79172504 0.52889492]
 [0.56804456 0.92559664 0.07103606 0.0871293 ]
 [0.0202184  0.83261985 0.77815675 0.87001215]
 [0.97861834 0.79915856 0.46147936 0.78052918]
 [0.11827443 0.63992102 0.14335329 0.94466892]
 [0.52184832 0.41466194 0.26455561 0.77423369]]
updated centroids: 
 [[-0.67407407 -0.69562562  1.         -0.70707071]
 [ 0.45615033  0.56843395  0.0187898   0.6176355 ]
 [ 0.61209572  0.616934    0.94374808  0.6818203 ]
 [-0.7361552  -0.75103118 -0.72161042 -0.72126022]
 [-0.96296296 -0.48434805  0.64876922 -0.42929293]
 [ 0.3595079   0.43703195  0.6976312   0.06022547]
 [-0.91342593 -0.24722641 -0.62796378 -0.11363636]
 [-0.6021164  -0.77408129  0.03658593 -0.55122655]]
updated centroids: 
 [[-0.89135802 -0.87556789  0.8516847  -0.79124579]
 [-0.57037037  0.69432405 -0.83737189  0.82828283]
 [ 0.66676672  0.67063787  0.21038256  0.1289263 ]
 [-0.71000788 -0.76037204 -0.79253903 -0.66494735]
 [-0.97530864 -0.37506171  0.57029923 -0.2962963 ]
 [ 0.31542835  0.36371077  0.57019677  0.43860151]
 [-0.9251462  -0.04760513 -0.72185607  0.04412547]
 [-0.89494949 -0.62162703 -0.02843809 -0.59136823]]
centroids: [[-0.9        -0.81155893  0.83101341 -0.73737374]
 [-0.81925926  0.62639622 -0.77998367  0.7010101 ]
 [ 0.98837384  0.10204481  0.20887676  0.16130952]
 [-0.71944444 -0.75173501 -0.81163112 -0.64057239]
 [-0.93580247 -0.10864435  0.34791759 -0.1010101 ]
 [ 0.65310833  0.2532916   0.46631077  0.24442559]
 [-0.93939394 -0.16955713 -0.74725633 -0.08448118]
 [-0.89173789 -0.62683453 -0.08758566 -0.60994561]]
labels: [2 3 3 3 3 6 3 3 3 3 3 3 3 3 3 3 1 6 6 6 6 6 1 1 1 7 0 7 7 0 6 0 4 4 4 1 0
 4 3 3 3 3 3 3 3 3 3 3 6 3 3 7 7 7 7 7 3 7 3 7 7 3 7 3 7 7 4 3 3 3 3 6 3 3
 3 3 6 6 3 3 3 3 3 3]
name: 건축학개론 승민
label: 2
name: 건축학개론 은채
label: 3
name: 건축학개론 서연
label: 3
name: 건축학개론 아버지
label: 3
name: 건축학개론 재욱
label: 3
name: 건축학개론 납뜩이
label: 6
name: 건축학개론 어머니
label: 3
name: 끝까지간다 고건수
label: 3
name: 끝까지간다 여동생
label: 3
name: 끝까지간다 최형사
label: 3
name: 끝까지간다 도형사
label: 3
name: 끝까지간다 반장
label: 3
name: 끝까지간다 (O.S)
label: 3
name: 끝까지간다 이순경
label: 3
name: 끝까지간다 박창민
label: 3
name: 끝까지간다 박창민(o.s)
label: 3
name: 더킹 동수
label: 1
name: 더킹 현우
label: 6
name: 더킹 기태
label: 6
name: 더킹 강식
label: 6
name: 부당거래 대호
label: 6
name: 부당거래 철기
label: 6
name: 부당거래 장석구
label: 1
name: 부당거래 김 회장
label: 1
name: 부당거래 주양
label: 1
name: 부산행 석우
label: 7
name: 부산행 수안
label: 0
name: 부산행 용석
label: 7
name: 부산행 상화
label: 7
name: 부산행 성경
label: 0
name: 부산행 기장
label: 6
name: 신세계 자성
label: 0
name: 신세계 정청
label: 4
name: 신세계 강과장
label: 4
name: 신세계 이중구
label: 4
name: 신세계 고국장
label: 1
name: 신세계 신우
label: 0
name: 신세계 장이사
label: 4
name: 신의한수 꽁수
label: 3
name: 신의한수 선수
label: 3
name: 신의한수 왕사범
label: 3
name: 신의한수 살수
label: 3
name: 신의한수 아다리
label: 3
name: 신의한수 교도소장
label: 3
name: 신의한수 태석
label: 3
name: 신의한수 배꼽
label: 3
name: 신의한수 酒님
label: 3
name: 신의한수 허목수
label: 3
name: 신의한수 호구사장
label: 6
name: 써니 나미
label: 3
name: 써니 나미母
label: 3
name: 써니 춘화
label: 7
name: 써니 담임
label: 7
name: 써니 장미
label: 7
name: 써니 상미
label: 7
name: 써니 수지
label: 7
name: 써니 진희
label: 3
name: 써니 복희
label: 7
name: 써니 금옥
label: 3
name: 써니 사장
label: 7
name: 써니 리더
label: 7
name: 써니 준호
label: 3
name: 악마를보았다 경철
label: 7
name: 악마를보았다 대훈
label: 3
name: 악마를보았다 오과장
label: 7
name: 악마를보았다 장반장
label: 7
name: 악마를보았다 태주
label: 4
name: 타짜 정마담
label: 3
name: 타짜 고니
label: 3
name: 타짜 고광렬
label: 3
name: 타짜 박무석
label: 3
name: 타짜 평경장
label: 6
name: 타짜 곽철용
label: 3
name: 타짜 용해
label: 3
name: 타짜 세란
label: 3
name: 타짜 화란
label: 3
name: 타짜 호구
label: 6
name: 타짜 아귀
label: 6
name: 파수꾼 인식
label: 3
name: 파수꾼 동윤
label: 3
name: 파수꾼 기태
label: 3
name: 파수꾼 희준
label: 3
name: 파수꾼 재호
label: 3
name: 파수꾼 세정
label: 3
